00000000000000000000000100000000000000000000000001000010000000000000000000010001000101000011100110001000101001110000011001110010110110001110101000111011011111110111110
00000000000000000000000100000000000000000000000001000000000000000000000000010001000101000011100110001000101001110000011011110010110010001110101000111011011111110111110
00000000000000000000000100000000000000000000000001000010000000000000000000010001000101000010100110001000101001110000011001110010110110001110101000111011011111111111110
00000000000000000000000100000000000000000000000001000010000000000000000000010001000101000011100110001100111001110000011001110110110110011110101011111011011111110111110
00000000000000000000000100000000000000000000000001000010000000000000000000010001000101000010100110000100111001110000011001110110100110011100101011111011011111110111110
00000000000000000000000100000000000000000000000001000010000000000000000000010001000101000011100110001100111001110000011001110010110110001110101001111011011111110111110
00000000000000000000000100000000000000000000000001000000000000000000000000010001000101000011100110001100111001110000011011110010110010001110101001111011011111110111110
00000000000000000000000000000000000000000000000001000000000000000000000000010001000101000011100110001100110000110000011001110000110010001100101000111011011111110101110
00000000000000000000000000000000000000000000000001000000000000000000000000010001000101000010100110000100110000110000011001110000110010001100101001111011001111110111110
00000000000000000000000000000000000000000000000001000000000000000000000000010001000101000010100110000100110000110000011001110000110010001100101001111011001111110111110
00000000000000000000000000001000000001000000000101001000000000000100000000010101101101001100001111111100011000110100010011111001100000001110101110101010011111110111110
00000000000000000000000000000000000000000000000001001000000000000000000000000000001000001010101101101100010000110000011011111001110010001110101101111010011111110101110
00000000000000000000000000000000000000000000000001001000000000000010000000000000101100001100101111101100110010111001111011111001100000001110101100111010011111111101110
00000000000000000000000000000000000000000000000001000000000000000000000000010000001101001000100110000100010000110001010001110000000000011100000010101010011111111111110
00000000000000000000000000000000000010000000000101000000000000100000000000010000011101001000100111000000100000110100011011110001100110001111100110111010111111110111110
00000000000000000000000000000000000000000000000001000000000000000100000000000000000101000011100110100100010000110100011001110001000010001101100110111010101111110111110
00000000000000000000000000000100000000000000000011000000000000000000010000010001000101000001101110001010001010111000011001111000011000001100101000111011011011111100110
00000000000000000000000000000000000001000000000001001000000000000100000000010101100101000100001111111100011000110100011011111001100010001110101110111010011111110111110
00000000000000000000000000000000000000000000000001000000000000000000000000010000001101001000100110001000000010110001011001110000110000001110000000111010011111111100110
00000000000000000000000000000000000000000000000001000000000000000000000000010000001101001100100110000000000000110001011001110001000010001100100100111010011111111100110
00000000000000000000000000000000000000000000000001000000000000001000000000010000010101001011100110001000100000110000011001110000110000001100000000111010011011110100110
00000000000100000000000000000000000000000000000001000000000000001000000000010000010101001011100110001000100000110000011001110000110000001100000000111010011011110100110
00000000000000000001000000000000000000000000000001000000000000000000000000010001000001000000100100001100010000110000011001110101100011011100101111111010011111110111110
00000000000000000000000000000000000000000000000001000010000000000000000000010001010101001011100110001000100010110000011001110000010100001100101000111011011111111111110
00000000000000000000000100000000000000000000000001000000000000000000000000010001001101000010100110001000101011110000011001110010110000001110101000111011011111111111110
00000000000000000001000000000000000000000000000001000000000000000000000000010001000001000000100100001000000010110001111001110001110011001100101100111010011111111111110
00000000000000000000000000010000000000000000000001000000000000000000000000010001000101010010100110001000100110110000011001110000010011111100101000111011011111111111110
00000000000000000000000000000000000000000000000001000000000000000000000000010001000101000000100110001000000010110000011001110000010000001100101000111010011111111111110
00000000000000000000000000000000000000000000000001000000000000000000000000010001000101000000100110001000000000110000011001110000110000001110101000111010011111110111110
00000000000000000000000000000000000000000000000001000000000000000000000000010001000101000000100110001100010010110000011001110100010000001100101001111010011111111111110
00000000000000000000000000000000000000000000000001000000000000000000000000010001000101000000100110001000000010110100011001110001010000001101101100111010111111111111110
00000000000000000001000000000000000010000000000101000000000000000000000000000001010101001000100110000100010000110000011011110001110001001100101100111010011111110111110
00000000000000000000000000000100000010000000000001000000000000000000000000010000010101101100100111001010010000111000011011111000111010001110100000111010011111110111110
00000000000000000000000000000100000000000000000001000000000000000000000000010000000101100101100111001010100000111000011001111100111010001110101001111011011111110111110
00000000000000000000000000000000000000000000000001000000000000000000000000010001000101000000100111001000100010110000011001110100010000001100101001111011011111111111110
00000000000000000000000000000000000000000000000001000000000000000000000000010000000101000011100110001000100000110000011001110100110010001100101001111011111111110111110
00000000000000000000000000000000000000000000000001000000000000000000000000010000000101000010100110001000100010110001011001110100110010001100101001111011111111111111110
00000000000000000000000000000000000000000000000001000000000000000000000000010001000101000000100111001000000010110000011011110000010000001110101000111010011011111111110
00000000000000000000000000000100000000000000000001000000000000000000010000010001000101000011101110001010101010111000011001111000011010001110101000111011011111111111110
00000000000000000000000000000000000000000000000001000100000000000000000000000000001000001010100100001000100000110000011000010000110110001010000000110001011111110100100
00000000000000000000000000000000000000000000000001000100000000000000000000000000001000001010100100000000100010110000011000010000000110001000000000110001011111111100100
00000000000000000000000000000000000000000000000001000100000000000000000000100000001000001010100100000000100000110000011000010000000110001000000000110101011111111100100
00000000000000000000000000000000000000000000000001000100000000000000000000000000001000001010100100000000100000110000011000010000100110001000000000110001011111110111110
00000000000000000000000000000000000000000000000001000000000000000000000000010000001101001000100110001000100000110000011001110000110010001110000000111010011111110100110
00000000000000000000000000000000000000000000010001000000000000000000000000011000001101001000100110011000100000110000011001110000110010001110000000111010011111110100110
00000000000000000000000000000000000000000000000001000100000000000000000000000000001000001010100001001000100000110000011000010000110110001010000000110001011111110100100
00000000000000000000000000000000000000000000000001000000000000000000000000000000001000000010100100001000100000110000011000010000110010001000100000110001011111110100100
00000000000000000000000000000000000000000000000001000000000000000000000000000000000000000010100100000000100010110000011000010000000010001000100000110001001111111100100
00000000000000000000000000000000000000000000000001000000000000000000000000000000001001001000110100000000100010110000111000110000100010001000000000111000011111111111110
00000000000000000000000000000000000000000000000001000000000000000000000000000000001001101000110100001000100010110001111000110000110010001010000000111000011111111100100
00000000000000000000000000000000000000000000000001000000000000000000000000010000001101001000100110001000000010110001011001110000110000001110000000111010011111111100110
00000000000000000000000000000000000000000000000001000000000000000000000000010000001101001000100110001000100000110000011001110000110010001110000000111010011111110100110
00000000000000000000000000000000000000000000000001000000000000000000000000100000000000000010100100000000100000110000011000010000000010001000100000110101001111111100100
00000000000000000000000000000000000000000000000001000000000000000000000000100000000000000010100100000000100000110001011000010000100010001000100000110101001111111100100
00000000000000000000000000000000000000000000000001000000000000000000000000000000000000000010100100000000100000110011011000010000000010001000100000110101001111111100100
00000000000000000000000000000000000000000000000001000000000000000000000000000000000000000010100100000000100000110000011000010000100010001000100000110001001111110111110
00000000000000000000000000000000000000000000000001000000000000000000000000010001001111000001100110001000000000110000011001110000110010001110001000111011011111110100110
00000000000000000000000000000000000000000000000001000000000000000000000000010001000111000001100110001000000010110000011001110000010000001100001000111011011011111100110
00000000000000000000000000000000000000000000000001000000000000000000000000110001000111000001100110001000000000110000011001110000010000001100001000111111011011111100110
00000000000000000000000000000000000000000000000001000000000000000000000000010001000111000011100110001000000000110011011001110000010000001100001000111111011111111100110
00000000000000000000000000000000000000000000000001000010000000000000000000000001001010000000100100001000100000110000010000010000100110001000001000100001011111110111110
00000000000000000000000000000000000000000000000001000010000000000000000000000001000010000000100100000000100000110000010000010000000100001000001000100001001111111111110
00000000000000000000000000000000000000000000000001000010000000000000000000100001000010000000100100000000100000110000010000010000000100001000001000100101001111111111110
00000000000000000000000000000000000000000000000001000010000000000000000000000001000010000011100100000000100000110011010000010000000100001000001000100101001111111111110
00000000000000000000000000000000000000000000000000000000000000000000000000010000001101101000100010001000000010110001011001100000110000000110000000011000011110101100110
00000000000000000000000000000000000000000000000000000000000000000000000000010000001101001000100110001000100001110010011001110010110010001110000000111010011111111100110
00000000000000000000000000000000000000000000000001000000000000000000000000000000001000001011000000000000100000000000001000010000110010000000000000010000011101010000100
00000000000000000000000000000000000000000000000001000000000000000000000000010000001101101010000110001000100000010000001001110000110000000110000000011010011111110100110
00000000000000000000000000000000000000000000000001000000000000000000000000010000001101001010100110001000100000110000011001110001110010001110000100111010011111110100110
00000000000000000000000000000000000000000000000001000000000000000000000000000000001000001001000000000000100000000000001000010000110010001000000000110000111101010000100
00000000000000000000000000000000000000000000000000000000000000000010000000110000001101001000100110001000100000111000011001110010110010001110010000111110111111111100110
00000000000000000000000000000000000000000000000001000000000000000000000010000000001000001000000000000000100000000000001000010010100010001000100000110000111101010011110
00000000000000000000000000000000000000000000000001000000000000000000000000010000000101000000100110001000000000110000011001110000110010001100100000111010011111110100110
00000000000000000000000000000000000000000000000001000000000000000000000000010000000101000000100110001000000010110001011001110000110010001100100000111010011111111100110
00000000000000000000000000000000000000000000000001000000000000000000000000010000000101000000100110001000000010110001111001110000110010001100100000111010011111111100110
00000000000000000000000000000000000000000000000001000000000000000000000000010001000101000000100110001000000010110000111001110000010010001110101000111010011111111100110
00000000000000000000000000000100000000000000000011000000000000000000000000010000000101000100100111001010001000111000011001111000111010001110100000111010011111110100110
00000000000000000000000000000100000000000000000011000000000000000000000000010000000101000000100110001010001000111000011001111000111010001110100000111010011111110100110
00000000000000000000000000000100000000000000000011000000000000000000000010010000000101000000100110001010001000111000011001111010111010001110101000111010111111110111110
00000000000000000000000000000100000000000000000011000000000000100000000010010000000101000000100110001010001000111000011001111010111010001110101001111010111111110111110
00000000000000000000000000000100000000000000000011000000000000100000000010010000000101000000100110001010001000111000011001111010111010001110101001111010111111110111110
00000000000000000000000000000100000000000000000011000000000000000000000010000000000001000000100100001010001000111000011000111110111011011010101001111000111111110111110
00000000000000000000000000000100000000000000000011000000000000000000000010000000000001000000110101001010001000111100011000111111111011011010101111111110111111111111110
00000000000000000000000000001100000000000000000011000000010000000000000010000000000101000000100111001110011001111100011010111110111011011110101011111000111111110111110
00000000000000000000000000000100000000000000000011000000000000000000000010010000000101000000100110001110011000111000011001111110111010011110101011111010111111110111110
00000000000000000000000000000100000000000000000011000000000000000000000010000000000001000000100100001010001000111000011000111010111011001010101001111000111111110111110
00000000000000000000000000000100000000000000000011000000000000100000000010010000000101000000100110001010001000111000011001111110111010001110101001111010111111110111110
00000000000000000000000000000100000000000000000011000000000000100000000010010000000101000000100110001010001000111000011001111110111010001110101001111010111111110111110
00000000000000000000000000000100000000000000000011000000000000000000000010010000000101000000100110001010001000111000011001111110111010001110101001111010111111110111110
00000000000000000000000000000100000000000000000011000000000100001000000010010000010101001000100110001010001000111000011001111110111010001110101001111010111111110111110
00000000000000000000000000000100000000000000000011000000000100001000000010010000010101001000100110001010001000111000011001111110111010001110101001111010111111110111110
00000000000000000000000000000100000000000000000011000000000000001000000010010000010101001000110110001010001000111000111001111010111010001110101000111010111111111111110
00000000000000000000000000000100000000000000000011000000000000001000000010010000010101001000110110001010001000111000111001111010111010001110101000111010111111111111110
00000000000000000000000000000100000000000000000011000000000000001000000010010000010101001000110110001010001000111000111001111010111010001110101000111110111111111111110
00000000000000000000000000000100000010000000000011000000000000000000000010010000010101001000100110001010011000111000011011111010111010001110101000111010111111110111110
00000000000000000000000000000100000000000000000011000000000000000000000010010000000101000000100111001010101000111000011001111011111010001111101100111010111111110111110
00000000000000000000000000000100000000000000000011000000000000000000000010010000000101000000100111001010101000111000011001111011111010001111101100111010111111110111110
00000000000000000000000000000000000000000000000001000110000000000000000000000000001000001010100100000000100000110000011000010000100110001010000000110001011111110100100
00000000000000000000000000000000000000000000000001000110000000000100000000000101101100001000100110000000100000110000010011010000100110001100001000100001011111110110110
00000000000000000000000000000000000000000000000001000100000000000100000000000101101100001010100110000000100000110000011011010000100110001100001000110001011111110110110
00000000000000000000000000000000000000000000000001000010000000000100000000000000001100001011100110000100110000110000010001010100100110001100001000100001011111110111110
00000000000000000000000000000000000000000000000001000010000000000010000000100000010000001010100100000000100000111000011000010000000110001000100000110101001111111100100
00000000000000000000000000000000000000000000000001000010000000000100000000000000010100001011100110000100110000110000010001010100000100001100001000100001001111111111110
00000000000000000000000000000000000000000000000001000010000000000100000000000000010100001011100110000100110000110000010001010100000100001100001000100001001111111111110
00000000000000000000000000000000000000000000000001000010000000000110000000100000010100001011100110000100110000111000010001010100000100001100001000100101001111111111110
00000000000000000000000000000000000000000000000001000100000000000100000000000000001100001011100110000100110000110000011001010100100110001100001000110001011111110111110
00000000000000000000000000000000000000000000000001000100000000000100000000000000001100001011100110000100110000110000011001010100100110001100001000110001011111110111110
00000000000000000000000000000000000000000000000001000100000000000100000000000000001100001011100110000100110000110001010001010100000100001100001000100001011111111111110
00000000000000000000000000000000000000000000000001000100000000000100000000000000001100001011100110000100110000110001010001010100000100001100001000100001011111111111110
00000000000000000000000000000000000000000000000001000010000000000010000000100000010000001010100100000000100000111000011000010000000110001000100000110101001111111100100
00000000000000000000000000000000000000000000000001000010000000000000000000000000001000001000100100000000100000110000010000010000100110001010000000100001011111110100100
00000000000000000000000000000000000000000000000001000010000000000000000000000000011000001000100100000000100000110000010000010000000100001000000000100001011111111100100
00000000000000000000000000000000000000000000000001000010000000000000000000000000011000001000100100000000100000110000010000010000000100001000000000100001011111111100100
00000000000000000000000000000000000000000000000001000010000000000010000000100000011000001000100100000000100000111000010000010000000100001000000000100101011111111100100